%!PS-Adobe-3.0 EPSF-3.0
%%Creator: cairo 1.13.1 (http://cairographics.org)
%%CreationDate: Sun Sep 27 20:56:35 2015
%%Pages: 1
%%DocumentData: Clean7Bit
%%LanguageLevel: 2
%%BoundingBox: 0 -1 1043 409
%%EndComments
%%BeginProlog
save
50 dict begin
/q { gsave } bind def
/Q { grestore } bind def
/cm { 6 array astore concat } bind def
/w { setlinewidth } bind def
/J { setlinecap } bind def
/j { setlinejoin } bind def
/M { setmiterlimit } bind def
/d { setdash } bind def
/m { moveto } bind def
/l { lineto } bind def
/c { curveto } bind def
/h { closepath } bind def
/re { exch dup neg 3 1 roll 5 3 roll moveto 0 rlineto
      0 exch rlineto 0 rlineto closepath } bind def
/S { stroke } bind def
/f { fill } bind def
/f* { eofill } bind def
/n { newpath } bind def
/W { clip } bind def
/W* { eoclip } bind def
/BT { } bind def
/ET { } bind def
/pdfmark where { pop globaldict /?pdfmark /exec load put }
    { globaldict begin /?pdfmark /pop load def /pdfmark
    /cleartomark load def end } ifelse
/BDC { mark 3 1 roll /BDC pdfmark } bind def
/EMC { mark /EMC pdfmark } bind def
/cairo_store_point { /cairo_point_y exch def /cairo_point_x exch def } def
/Tj { show currentpoint cairo_store_point } bind def
/TJ {
  {
    dup
    type /stringtype eq
    { show } { -0.001 mul 0 cairo_font_matrix dtransform rmoveto } ifelse
  } forall
  currentpoint cairo_store_point
} bind def
/cairo_selectfont { cairo_font_matrix aload pop pop pop 0 0 6 array astore
    cairo_font exch selectfont cairo_point_x cairo_point_y moveto } bind def
/Tf { pop /cairo_font exch def /cairo_font_matrix where
      { pop cairo_selectfont } if } bind def
/Td { matrix translate cairo_font_matrix matrix concatmatrix dup
      /cairo_font_matrix exch def dup 4 get exch 5 get cairo_store_point
      /cairo_font where { pop cairo_selectfont } if } bind def
/Tm { 2 copy 8 2 roll 6 array astore /cairo_font_matrix exch def
      cairo_store_point /cairo_font where { pop cairo_selectfont } if } bind def
/g { setgray } bind def
/rg { setrgbcolor } bind def
/d1 { setcachedevice } bind def
%%EndProlog
%%BeginSetup
%%EndSetup
%%Page: 1 1
%%BeginPageSetup
%%PageBoundingBox: 0 -1 1043 409
%%EndPageSetup
q 0 -1 1043 410 rectclip q
0 g
0.566929 w
0 J
0 j
[] 0.0 d
4 M q 1 0 0 -1 0 408.277557 cm
1036.789 0.266 m 1037.234 0.281 l 1037.676 0.336 l 1038.113 0.422 l 1038.543
 0.543 l 1038.961 0.695 l 1039.363 0.883 l 1039.75 1.102 l 1040.121 1.348
 l 1040.469 1.625 l 1040.801 1.926 l 1041.098 2.254 l 1041.379 2.602 l 1041.625
 2.973 l 1041.844 3.359 l 1042.027 3.766 l 1042.184 4.184 l 1042.301 4.609
 l 1042.391 5.047 l 1042.441 5.488 l 1042.461 5.934 l 1042.461 402.289 l
 1042.441 402.734 l 1042.391 403.176 l 1042.301 403.613 l 1042.184 404.043
 l 1042.027 404.457 l 1041.844 404.863 l 1041.625 405.25 l 1041.379 405.621
 l 1041.098 405.973 l 1040.801 406.297 l 1040.469 406.602 l 1040.121 406.875
 l 1039.75 407.121 l 1039.363 407.34 l 1038.961 407.527 l 1038.543 407.68
 l 1038.113 407.805 l 1037.676 407.887 l 1037.234 407.941 l 1036.789 407.957
 l 5.934 407.957 l 5.488 407.941 l 5.047 407.887 l 4.609 407.805 l 4.184
 407.68 l 3.766 407.527 l 3.359 407.34 l 2.973 407.121 l 2.602 406.875 l
 2.254 406.602 l 1.926 406.297 l 1.625 405.973 l 1.348 405.621 l 1.102 405.25
 l 0.883 404.863 l 0.695 404.457 l 0.543 404.043 l 0.422 403.613 l 0.336
 403.176 l 0.281 402.734 l 0.266 402.289 l 0.266 5.934 l 0.281 5.488 l 0.336
 5.047 l 0.422 4.609 l 0.543 4.184 l 0.695 3.766 l 0.883 3.359 l 1.102 2.973
 l 1.348 2.602 l 1.625 2.254 l 1.926 1.926 l 2.254 1.625 l 2.602 1.348 l
 2.973 1.102 l 3.359 0.883 l 3.766 0.695 l 4.184 0.543 l 4.609 0.422 l 5.047
 0.336 l 5.488 0.281 l 5.934 0.266 l h
1036.789 0.266 m S Q
q 1 0 0 -1 0 408.277557 cm
352.387 10.188 m 353.699 10.395 l 354.887 10.996 l 355.828 11.938 l 356.43
 13.125 l 356.641 14.438 l 356.43 15.754 l 355.828 16.938 l 354.887 17.879
 l 353.699 18.484 l 352.387 18.691 l 351.074 18.484 l 349.887 17.879 l 348.945
 16.938 l 348.344 15.754 l 348.137 14.438 l 348.344 13.125 l 348.945 11.938
 l 349.887 10.996 l 351.074 10.395 l h
352.387 10.188 m S Q
q 1 0 0 -1 0 408.277557 cm
690.336 10.188 m 691.648 10.395 l 692.836 10.996 l 693.777 11.938 l 694.379
 13.125 l 694.59 14.438 l 694.379 15.754 l 693.777 16.938 l 692.836 17.879
 l 691.648 18.484 l 690.336 18.691 l 689.023 18.484 l 687.836 17.879 l 686.895
 16.938 l 686.293 15.754 l 686.086 14.438 l 686.293 13.125 l 686.895 11.938
 l 687.836 10.996 l 689.023 10.395 l h
690.336 10.188 m S Q
q 1 0 0 -1 0 408.277557 cm
1028.285 10.188 m 1029.598 10.395 l 1030.785 10.996 l 1031.727 11.938 l
 1032.328 13.125 l 1032.539 14.438 l 1032.328 15.754 l 1031.727 16.938 l
 1030.785 17.879 l 1029.598 18.484 l 1028.285 18.691 l 1026.973 18.484 l
 1025.785 17.879 l 1024.844 16.938 l 1024.242 15.754 l 1024.035 14.438 l
 1024.242 13.125 l 1024.844 11.938 l 1025.785 10.996 l 1026.973 10.395 l
 h
1028.285 10.188 m S Q
q 1 0 0 -1 0 408.277557 cm
1028.285 389.535 m 1029.598 389.742 l 1030.785 390.344 l 1031.727 391.285
 l 1032.328 392.469 l 1032.539 393.785 l 1032.328 395.102 l 1031.727 396.285
 l 1030.785 397.227 l 1029.598 397.832 l 1028.285 398.039 l 1026.973 397.832
 l 1025.785 397.227 l 1024.844 396.285 l 1024.242 395.102 l 1024.035 393.785
 l 1024.242 392.469 l 1024.844 391.285 l 1025.785 390.344 l 1026.973 389.742
 l h
1028.285 389.535 m S Q
q 1 0 0 -1 0 408.277557 cm
690.336 389.535 m 691.648 389.742 l 692.836 390.344 l 693.777 391.285 l
 694.379 392.469 l 694.59 393.785 l 694.379 395.102 l 693.777 396.285 l 
692.836 397.227 l 691.648 397.832 l 690.336 398.039 l 689.023 397.832 l 
687.836 397.227 l 686.895 396.285 l 686.293 395.102 l 686.086 393.785 l 
686.293 392.469 l 686.895 391.285 l 687.836 390.344 l 689.023 389.742 l 
h
690.336 389.535 m S Q
q 1 0 0 -1 0 408.277557 cm
352.387 389.535 m 353.699 389.742 l 354.887 390.344 l 355.828 391.285 l
 356.43 392.469 l 356.641 393.785 l 356.43 395.102 l 355.828 396.285 l 354.887
 397.227 l 353.699 397.832 l 352.387 398.039 l 351.074 397.832 l 349.887
 397.227 l 348.945 396.285 l 348.344 395.102 l 348.137 393.785 l 348.344
 392.469 l 348.945 391.285 l 349.887 390.344 l 351.074 389.742 l h
352.387 389.535 m S Q
q 1 0 0 -1 0 408.277557 cm
14.438 389.535 m 15.754 389.742 l 16.938 390.344 l 17.879 391.285 l 18.484
 392.469 l 18.691 393.785 l 18.484 395.102 l 17.879 396.285 l 16.938 397.227
 l 15.754 397.832 l 14.438 398.039 l 13.125 397.832 l 11.938 397.227 l 10.996
 396.285 l 10.395 395.102 l 10.188 393.785 l 10.395 392.469 l 10.996 391.285
 l 11.938 390.344 l 13.125 389.742 l h
14.438 389.535 m S Q
q 1 0 0 -1 0 408.277557 cm
14.438 10.188 m 15.754 10.395 l 16.938 10.996 l 17.879 11.938 l 18.484 
13.125 l 18.691 14.438 l 18.484 15.754 l 17.879 16.938 l 16.938 17.879 l
 15.754 18.484 l 14.438 18.691 l 13.125 18.484 l 11.938 17.879 l 10.996 
16.938 l 10.395 15.754 l 10.188 14.438 l 10.395 13.125 l 10.996 11.938 l
 11.938 10.996 l 13.125 10.395 l h
14.438 10.188 m S Q
q 1 0 0 -1 0 408.277557 cm
75.453 73.754 m 75.453 75.453 l 35.77 75.453 l 35.77 73.754 l 33.504 73.754
 l 33.504 37.469 l 35.77 37.469 l 35.77 35.77 l 75.453 35.77 l 75.453 37.469
 l 77.723 37.469 l 77.723 73.754 l h
75.453 73.754 m S Q
q 1 0 0 -1 0 408.277557 cm
75.453 154.754 m 75.453 156.453 l 35.77 156.453 l 35.77 154.754 l 33.504
 154.754 l 33.504 118.469 l 35.77 118.469 l 35.77 116.77 l 75.453 116.77
 l 75.453 118.469 l 77.723 118.469 l 77.723 154.754 l h
75.453 154.754 m S Q
q 1 0 0 -1 0 408.277557 cm
82.203 370.754 m 82.203 372.453 l 42.52 372.453 l 42.52 370.754 l 40.25
 370.754 l 40.25 334.469 l 42.52 334.469 l 42.52 332.77 l 82.203 332.77 
l 82.203 334.469 l 84.473 334.469 l 84.473 370.754 l h
82.203 370.754 m S Q
q 1 0 0 -1 0 408.277557 cm
88.957 208.754 m 88.957 210.453 l 49.27 210.453 l 49.27 208.754 l 47.004
 208.754 l 47.004 172.469 l 49.27 172.469 l 49.27 170.77 l 88.957 170.77
 l 88.957 172.469 l 91.223 172.469 l 91.223 208.754 l h
88.957 208.754 m S Q
q 1 0 0 -1 0 408.277557 cm
95.707 262.754 m 95.707 264.453 l 56.02 264.453 l 56.02 262.754 l 53.754
 262.754 l 53.754 226.469 l 56.02 226.469 l 56.02 224.77 l 95.707 224.77
 l 95.707 226.469 l 97.973 226.469 l 97.973 262.754 l h
95.707 262.754 m S Q
q 1 0 0 -1 0 408.277557 cm
129.453 154.754 m 129.453 156.453 l 89.77 156.453 l 89.77 154.754 l 87.504
 154.754 l 87.504 118.469 l 89.77 118.469 l 89.77 116.77 l 129.453 116.77
 l 129.453 118.469 l 131.723 118.469 l 131.723 154.754 l h
129.453 154.754 m S Q
q 1 0 0 -1 0 408.277557 cm
132.52 300.031 m 132.52 317.805 l 127.914 317.805 l 127.914 320.582 l 118.559
 320.582 l 118.559 317.805 l 113.668 317.805 l 113.668 315.535 l 111.473
 315.535 l 111.473 316.754 l 109.203 316.754 l 109.203 318.453 l 69.52 318.453
 l 69.52 316.754 l 67.25 316.754 l 67.25 315.535 l 65.055 315.535 l 65.055
 317.805 l 60.164 317.805 l 60.164 320.582 l 50.809 320.582 l 50.809 317.805
 l 46.203 317.805 l 46.203 300.031 l 43.723 300.031 l 43.723 292.094 l 46.203
 292.094 l 46.203 282.938 l 50.809 282.938 l 50.809 280.328 l 60.164 280.328
 l 60.164 282.938 l 65.055 282.938 l 65.055 285.203 l 67.25 285.203 l 67.25
 280.469 l 69.52 280.469 l 69.52 278.77 l 109.203 278.77 l 109.203 280.469
 l 111.473 280.469 l 111.473 285.203 l 113.668 285.203 l 113.668 282.938
 l 118.559 282.938 l 118.559 280.328 l 127.914 280.328 l 127.914 282.938
 l 132.52 282.938 l 132.52 292.094 l 135 292.094 l 135 300.031 l h
132.52 300.031 m S Q
q 1 0 0 -1 0 408.277557 cm
149.707 370.754 m 149.707 372.453 l 110.02 372.453 l 110.02 370.754 l 107.754
 370.754 l 107.754 334.469 l 110.02 334.469 l 110.02 332.77 l 149.707 332.77
 l 149.707 334.469 l 151.973 334.469 l 151.973 370.754 l h
149.707 370.754 m S Q
q 1 0 0 -1 0 408.277557 cm
156.453 208.754 m 156.453 210.453 l 116.77 210.453 l 116.77 208.754 l 114.504
 208.754 l 114.504 172.469 l 116.77 172.469 l 116.77 170.77 l 156.453 170.77
 l 156.453 172.469 l 158.723 172.469 l 158.723 208.754 l h
156.453 208.754 m S Q
q 1 0 0 -1 0 408.277557 cm
169.953 262.754 m 169.953 264.453 l 130.27 264.453 l 130.27 262.754 l 128
 262.754 l 128 226.469 l 130.27 226.469 l 130.27 224.77 l 169.953 224.77
 l 169.953 226.469 l 172.223 226.469 l 172.223 262.754 l h
169.953 262.754 m S Q
q 1 0 0 -1 0 408.277557 cm
183.453 73.754 m 183.453 75.453 l 143.77 75.453 l 143.77 73.754 l 141.504
 73.754 l 141.504 37.469 l 143.77 37.469 l 143.77 35.77 l 183.453 35.77 
l 183.453 37.469 l 185.723 37.469 l 185.723 73.754 l h
183.453 73.754 m S Q
q 1 0 0 -1 0 408.277557 cm
183.453 154.754 m 183.453 156.453 l 143.77 156.453 l 143.77 154.754 l 141.504
 154.754 l 141.504 118.469 l 143.77 118.469 l 143.77 116.77 l 183.453 116.77
 l 183.453 118.469 l 185.723 118.469 l 185.723 154.754 l h
183.453 154.754 m S Q
q 1 0 0 -1 0 408.277557 cm
196.957 316.754 m 196.957 318.453 l 157.27 318.453 l 157.27 316.754 l 155.004
 316.754 l 155.004 280.469 l 157.27 280.469 l 157.27 278.77 l 196.957 278.77
 l 196.957 280.469 l 199.223 280.469 l 199.223 316.754 l h
196.957 316.754 m S Q
q 1 0 0 -1 0 408.277557 cm
210.453 208.754 m 210.453 210.453 l 170.77 210.453 l 170.77 208.754 l 168.504
 208.754 l 168.504 172.469 l 170.77 172.469 l 170.77 170.77 l 210.453 170.77
 l 210.453 172.469 l 212.723 172.469 l 212.723 208.754 l h
210.453 208.754 m S Q
q 1 0 0 -1 0 408.277557 cm
217.203 370.754 m 217.203 372.453 l 177.52 372.453 l 177.52 370.754 l 175.25
 370.754 l 175.25 334.469 l 177.52 334.469 l 177.52 332.77 l 217.203 332.77
 l 217.203 334.469 l 219.473 334.469 l 219.473 370.754 l h
217.203 370.754 m S Q
q 1 0 0 -1 0 408.277557 cm
223.953 262.754 m 223.953 264.453 l 184.27 264.453 l 184.27 262.754 l 182
 262.754 l 182 226.469 l 184.27 226.469 l 184.27 224.77 l 223.953 224.77
 l 223.953 226.469 l 226.223 226.469 l 226.223 262.754 l h
223.953 262.754 m S Q
q 1 0 0 -1 0 408.277557 cm
237.453 73.754 m 237.453 75.453 l 197.77 75.453 l 197.77 73.754 l 195.504
 73.754 l 195.504 37.469 l 197.77 37.469 l 197.77 35.77 l 237.453 35.77 
l 237.453 37.469 l 239.723 37.469 l 239.723 73.754 l h
237.453 73.754 m S Q
q 1 0 0 -1 0 408.277557 cm
237.453 154.754 m 237.453 156.453 l 197.77 156.453 l 197.77 154.754 l 195.504
 154.754 l 195.504 118.469 l 197.77 118.469 l 197.77 116.77 l 237.453 116.77
 l 237.453 118.469 l 239.723 118.469 l 239.723 154.754 l h
237.453 154.754 m S Q
q 1 0 0 -1 0 408.277557 cm
250.957 316.754 m 250.957 318.453 l 211.27 318.453 l 211.27 316.754 l 209.004
 316.754 l 209.004 280.469 l 211.27 280.469 l 211.27 278.77 l 250.957 278.77
 l 250.957 280.469 l 253.223 280.469 l 253.223 316.754 l h
250.957 316.754 m S Q
q 1 0 0 -1 0 408.277557 cm
264.453 208.754 m 264.453 210.453 l 224.77 210.453 l 224.77 208.754 l 222.504
 208.754 l 222.504 172.469 l 224.77 172.469 l 224.77 170.77 l 264.453 170.77
 l 264.453 172.469 l 266.723 172.469 l 266.723 208.754 l h
264.453 208.754 m S Q
q 1 0 0 -1 0 408.277557 cm
277.953 262.754 m 277.953 264.453 l 238.27 264.453 l 238.27 262.754 l 236
 262.754 l 236 226.469 l 238.27 226.469 l 238.27 224.77 l 277.953 224.77
 l 277.953 226.469 l 280.223 226.469 l 280.223 262.754 l h
277.953 262.754 m S Q
q 1 0 0 -1 0 408.277557 cm
291.453 73.754 m 291.453 75.453 l 251.77 75.453 l 251.77 73.754 l 249.504
 73.754 l 249.504 37.469 l 251.77 37.469 l 251.77 35.77 l 291.453 35.77 
l 291.453 37.469 l 293.723 37.469 l 293.723 73.754 l h
291.453 73.754 m S Q
q 1 0 0 -1 0 408.277557 cm
291.453 154.754 m 291.453 156.453 l 251.77 156.453 l 251.77 154.754 l 249.504
 154.754 l 249.504 118.469 l 251.77 118.469 l 251.77 116.77 l 291.453 116.77
 l 291.453 118.469 l 293.723 118.469 l 293.723 154.754 l h
291.453 154.754 m S Q
q 1 0 0 -1 0 408.277557 cm
304.957 316.754 m 304.957 318.453 l 265.27 318.453 l 265.27 316.754 l 263.004
 316.754 l 263.004 280.469 l 265.27 280.469 l 265.27 278.77 l 304.957 278.77
 l 304.957 280.469 l 307.223 280.469 l 307.223 316.754 l h
304.957 316.754 m S Q
q 1 0 0 -1 0 408.277557 cm
318.453 208.754 m 318.453 210.453 l 278.77 210.453 l 278.77 208.754 l 276.504
 208.754 l 276.504 172.469 l 278.77 172.469 l 278.77 170.77 l 318.453 170.77
 l 318.453 172.469 l 320.723 172.469 l 320.723 208.754 l h
318.453 208.754 m S Q
q 1 0 0 -1 0 408.277557 cm
331.953 262.754 m 331.953 264.453 l 292.27 264.453 l 292.27 262.754 l 290
 262.754 l 290 226.469 l 292.27 226.469 l 292.27 224.77 l 331.953 224.77
 l 331.953 226.469 l 334.223 226.469 l 334.223 262.754 l h
331.953 262.754 m S Q
q 1 0 0 -1 0 408.277557 cm
345.453 73.754 m 345.453 75.453 l 305.77 75.453 l 305.77 73.754 l 303.504
 73.754 l 303.504 37.469 l 305.77 37.469 l 305.77 35.77 l 345.453 35.77 
l 345.453 37.469 l 347.723 37.469 l 347.723 73.754 l h
345.453 73.754 m S Q
q 1 0 0 -1 0 408.277557 cm
345.453 154.754 m 345.453 156.453 l 305.77 156.453 l 305.77 154.754 l 303.504
 154.754 l 303.504 118.469 l 305.77 118.469 l 305.77 116.77 l 345.453 116.77
 l 345.453 118.469 l 347.723 118.469 l 347.723 154.754 l h
345.453 154.754 m S Q
q 1 0 0 -1 0 408.277557 cm
358.957 316.754 m 358.957 318.453 l 319.27 318.453 l 319.27 316.754 l 317.004
 316.754 l 317.004 280.469 l 319.27 280.469 l 319.27 278.77 l 358.957 278.77
 l 358.957 280.469 l 361.223 280.469 l 361.223 316.754 l h
358.957 316.754 m S Q
q 1 0 0 -1 0 408.277557 cm
372.453 208.754 m 372.453 210.453 l 332.77 210.453 l 332.77 208.754 l 330.504
 208.754 l 330.504 172.469 l 332.77 172.469 l 332.77 170.77 l 372.453 170.77
 l 372.453 172.469 l 374.723 172.469 l 374.723 208.754 l h
372.453 208.754 m S Q
q 1 0 0 -1 0 408.277557 cm
385.953 262.754 m 385.953 264.453 l 346.27 264.453 l 346.27 262.754 l 344.004
 262.754 l 344.004 226.469 l 346.27 226.469 l 346.27 224.77 l 385.953 224.77
 l 385.953 226.469 l 388.223 226.469 l 388.223 262.754 l h
385.953 262.754 m S Q
q 1 0 0 -1 0 408.277557 cm
399.453 154.754 m 399.453 156.453 l 359.77 156.453 l 359.77 154.754 l 357.504
 154.754 l 357.504 118.469 l 359.77 118.469 l 359.77 116.77 l 399.453 116.77
 l 399.453 118.469 l 401.723 118.469 l 401.723 154.754 l h
399.453 154.754 m S Q
q 1 0 0 -1 0 408.277557 cm
412.957 316.754 m 412.957 318.453 l 373.27 318.453 l 373.27 316.754 l 371
 316.754 l 371 280.469 l 373.27 280.469 l 373.27 278.77 l 412.957 278.77
 l 412.957 280.469 l 415.223 280.469 l 415.223 316.754 l h
412.957 316.754 m S Q
q 1 0 0 -1 0 408.277557 cm
426.453 73.754 m 426.453 75.453 l 386.77 75.453 l 386.77 73.754 l 384.504
 73.754 l 384.504 37.469 l 386.77 37.469 l 386.77 35.77 l 426.453 35.77 
l 426.453 37.469 l 428.723 37.469 l 428.723 73.754 l h
426.453 73.754 m S Q
q 1 0 0 -1 0 408.277557 cm
426.453 208.754 m 426.453 210.453 l 386.77 210.453 l 386.77 208.754 l 384.504
 208.754 l 384.504 172.469 l 386.77 172.469 l 386.77 170.77 l 426.453 170.77
 l 426.453 172.469 l 428.723 172.469 l 428.723 208.754 l h
426.453 208.754 m S Q
q 1 0 0 -1 0 408.277557 cm
439.957 262.754 m 439.957 264.453 l 400.27 264.453 l 400.27 262.754 l 398
 262.754 l 398 226.469 l 400.27 226.469 l 400.27 224.77 l 439.957 224.77
 l 439.957 226.469 l 442.223 226.469 l 442.223 262.754 l h
439.957 262.754 m S Q
q 1 0 0 -1 0 408.277557 cm
453.453 154.754 m 453.453 156.453 l 413.77 156.453 l 413.77 154.754 l 411.504
 154.754 l 411.504 118.469 l 413.77 118.469 l 413.77 116.77 l 453.453 116.77
 l 453.453 118.469 l 455.723 118.469 l 455.723 154.754 l h
453.453 154.754 m S Q
q 1 0 0 -1 0 408.277557 cm
466.957 316.754 m 466.957 318.453 l 427.27 318.453 l 427.27 316.754 l 425.004
 316.754 l 425.004 280.469 l 427.27 280.469 l 427.27 278.77 l 466.957 278.77
 l 466.957 280.469 l 469.223 280.469 l 469.223 316.754 l h
466.957 316.754 m S Q
q 1 0 0 -1 0 408.277557 cm
480.453 73.754 m 480.453 75.453 l 440.77 75.453 l 440.77 73.754 l 438.504
 73.754 l 438.504 37.469 l 440.77 37.469 l 440.77 35.77 l 480.453 35.77 
l 480.453 37.469 l 482.723 37.469 l 482.723 73.754 l h
480.453 73.754 m S Q
q 1 0 0 -1 0 408.277557 cm
480.453 208.754 m 480.453 210.453 l 440.77 210.453 l 440.77 208.754 l 438.504
 208.754 l 438.504 172.469 l 440.77 172.469 l 440.77 170.77 l 480.453 170.77
 l 480.453 172.469 l 482.723 172.469 l 482.723 208.754 l h
480.453 208.754 m S Q
q 1 0 0 -1 0 408.277557 cm
493.957 262.754 m 493.957 264.453 l 454.27 264.453 l 454.27 262.754 l 452.004
 262.754 l 452.004 226.469 l 454.27 226.469 l 454.27 224.77 l 493.957 224.77
 l 493.957 226.469 l 496.223 226.469 l 496.223 262.754 l h
493.957 262.754 m S Q
q 1 0 0 -1 0 408.277557 cm
507.453 154.754 m 507.453 156.453 l 467.77 156.453 l 467.77 154.754 l 465.5
 154.754 l 465.5 118.469 l 467.77 118.469 l 467.77 116.77 l 507.453 116.77
 l 507.453 118.469 l 509.723 118.469 l 509.723 154.754 l h
507.453 154.754 m S Q
q 1 0 0 -1 0 408.277557 cm
520.957 316.754 m 520.957 318.453 l 481.27 318.453 l 481.27 316.754 l 479.004
 316.754 l 479.004 280.469 l 481.27 280.469 l 481.27 278.77 l 520.957 278.77
 l 520.957 280.469 l 523.223 280.469 l 523.223 316.754 l h
520.957 316.754 m S Q
q 1 0 0 -1 0 408.277557 cm
534.453 73.754 m 534.453 75.453 l 494.77 75.453 l 494.77 73.754 l 492.5
 73.754 l 492.5 37.469 l 494.77 37.469 l 494.77 35.77 l 534.453 35.77 l 
534.453 37.469 l 536.723 37.469 l 536.723 73.754 l h
534.453 73.754 m S Q
q 1 0 0 -1 0 408.277557 cm
534.453 208.754 m 534.453 210.453 l 494.77 210.453 l 494.77 208.754 l 492.5
 208.754 l 492.5 172.469 l 494.77 172.469 l 494.77 170.77 l 534.453 170.77
 l 534.453 172.469 l 536.723 172.469 l 536.723 208.754 l h
534.453 208.754 m S Q
q 1 0 0 -1 0 408.277557 cm
547.957 262.754 m 547.957 264.453 l 508.27 264.453 l 508.27 262.754 l 506.004
 262.754 l 506.004 226.469 l 508.27 226.469 l 508.27 224.77 l 547.957 224.77
 l 547.957 226.469 l 550.223 226.469 l 550.223 262.754 l h
547.957 262.754 m S Q
q 1 0 0 -1 0 408.277557 cm
551.02 354.031 m 551.02 371.805 l 546.273 371.805 l 546.273 374.582 l 536.918
 374.582 l 536.918 371.805 l 532.172 371.805 l 532.172 359.133 l 421.973
 359.133 l 421.973 370.754 l 419.707 370.754 l 419.707 372.453 l 380.02 
372.453 l 380.02 370.754 l 377.754 370.754 l 377.754 359.133 l 267.555 359.133
 l 267.555 371.805 l 262.809 371.805 l 262.809 374.582 l 253.453 374.582
 l 253.453 371.805 l 248.707 371.805 l 248.707 354.031 l 246.227 354.031
 l 246.227 346.094 l 248.707 346.094 l 248.707 336.938 l 253.453 336.938
 l 253.453 334.328 l 262.809 334.328 l 262.809 336.938 l 267.555 336.938
 l 267.555 346.094 l 377.754 346.094 l 377.754 334.469 l 380.02 334.469 
l 380.02 332.77 l 419.707 332.77 l 419.707 334.469 l 421.973 334.469 l 421.973
 346.094 l 532.172 346.094 l 532.172 336.938 l 536.918 336.938 l 536.918
 334.328 l 546.273 334.328 l 546.273 336.938 l 551.02 336.938 l 551.02 346.094
 l 553.5 346.094 l 553.5 354.031 l h
551.02 354.031 m S Q
q 1 0 0 -1 0 408.277557 cm
561.453 154.754 m 561.453 156.453 l 521.77 156.453 l 521.77 154.754 l 519.5
 154.754 l 519.5 118.469 l 521.77 118.469 l 521.77 116.77 l 561.453 116.77
 l 561.453 118.469 l 563.723 118.469 l 563.723 154.754 l h
561.453 154.754 m S Q
q 1 0 0 -1 0 408.277557 cm
574.957 316.754 m 574.957 318.453 l 535.27 318.453 l 535.27 316.754 l 533.004
 316.754 l 533.004 280.469 l 535.27 280.469 l 535.27 278.77 l 574.957 278.77
 l 574.957 280.469 l 577.223 280.469 l 577.223 316.754 l h
574.957 316.754 m S Q
q 1 0 0 -1 0 408.277557 cm
588.453 73.754 m 588.453 75.453 l 548.77 75.453 l 548.77 73.754 l 546.5
 73.754 l 546.5 37.469 l 548.77 37.469 l 548.77 35.77 l 588.453 35.77 l 
588.453 37.469 l 590.723 37.469 l 590.723 73.754 l h
588.453 73.754 m S Q
q 1 0 0 -1 0 408.277557 cm
588.453 208.754 m 588.453 210.453 l 548.77 210.453 l 548.77 208.754 l 546.5
 208.754 l 546.5 172.469 l 548.77 172.469 l 548.77 170.77 l 588.453 170.77
 l 588.453 172.469 l 590.723 172.469 l 590.723 208.754 l h
588.453 208.754 m S Q
q 1 0 0 -1 0 408.277557 cm
601.957 262.754 m 601.957 264.453 l 562.27 264.453 l 562.27 262.754 l 560.004
 262.754 l 560.004 226.469 l 562.27 226.469 l 562.27 224.77 l 601.957 224.77
 l 601.957 226.469 l 604.223 226.469 l 604.223 262.754 l h
601.957 262.754 m S Q
q 1 0 0 -1 0 408.277557 cm
615.453 154.754 m 615.453 156.453 l 575.77 156.453 l 575.77 154.754 l 573.5
 154.754 l 573.5 118.469 l 575.77 118.469 l 575.77 116.77 l 615.453 116.77
 l 615.453 118.469 l 617.723 118.469 l 617.723 154.754 l h
615.453 154.754 m S Q
q 1 0 0 -1 0 408.277557 cm
622.203 370.754 m 622.203 372.453 l 582.52 372.453 l 582.52 370.754 l 580.25
 370.754 l 580.25 334.469 l 582.52 334.469 l 582.52 332.77 l 622.203 332.77
 l 622.203 334.469 l 624.473 334.469 l 624.473 370.754 l h
622.203 370.754 m S Q
q 1 0 0 -1 0 408.277557 cm
628.957 316.754 m 628.957 318.453 l 589.27 318.453 l 589.27 316.754 l 587.004
 316.754 l 587.004 280.469 l 589.27 280.469 l 589.27 278.77 l 628.957 278.77
 l 628.957 280.469 l 631.223 280.469 l 631.223 316.754 l h
628.957 316.754 m S Q
q 1 0 0 -1 0 408.277557 cm
642.453 208.754 m 642.453 210.453 l 602.77 210.453 l 602.77 208.754 l 600.5
 208.754 l 600.5 172.469 l 602.77 172.469 l 602.77 170.77 l 642.453 170.77
 l 642.453 172.469 l 644.723 172.469 l 644.723 208.754 l h
642.453 208.754 m S Q
q 1 0 0 -1 0 408.277557 cm
655.957 262.754 m 655.957 264.453 l 616.27 264.453 l 616.27 262.754 l 614.004
 262.754 l 614.004 226.469 l 616.27 226.469 l 616.27 224.77 l 655.957 224.77
 l 655.957 226.469 l 658.223 226.469 l 658.223 262.754 l h
655.957 262.754 m S Q
q 1 0 0 -1 0 408.277557 cm
669.453 73.754 m 669.453 75.453 l 629.77 75.453 l 629.77 73.754 l 627.5
 73.754 l 627.5 37.469 l 629.77 37.469 l 629.77 35.77 l 669.453 35.77 l 
669.453 37.469 l 671.723 37.469 l 671.723 73.754 l h
669.453 73.754 m S Q
q 1 0 0 -1 0 408.277557 cm
669.453 154.754 m 669.453 156.453 l 629.77 156.453 l 629.77 154.754 l 627.5
 154.754 l 627.5 118.469 l 629.77 118.469 l 629.77 116.77 l 669.453 116.77
 l 669.453 118.469 l 671.723 118.469 l 671.723 154.754 l h
669.453 154.754 m S Q
q 1 0 0 -1 0 408.277557 cm
682.957 316.754 m 682.957 318.453 l 643.27 318.453 l 643.27 316.754 l 641.004
 316.754 l 641.004 280.469 l 643.27 280.469 l 643.27 278.77 l 682.957 278.77
 l 682.957 280.469 l 685.223 280.469 l 685.223 316.754 l h
682.957 316.754 m S Q
q 1 0 0 -1 0 408.277557 cm
689.707 370.754 m 689.707 372.453 l 650.02 372.453 l 650.02 370.754 l 647.754
 370.754 l 647.754 334.469 l 650.02 334.469 l 650.02 332.77 l 689.707 332.77
 l 689.707 334.469 l 691.973 334.469 l 691.973 370.754 l h
689.707 370.754 m S Q
q 1 0 0 -1 0 408.277557 cm
696.453 208.754 m 696.453 210.453 l 656.77 210.453 l 656.77 208.754 l 654.5
 208.754 l 654.5 172.469 l 656.77 172.469 l 656.77 170.77 l 696.453 170.77
 l 696.453 172.469 l 698.723 172.469 l 698.723 208.754 l h
696.453 208.754 m S Q
q 1 0 0 -1 0 408.277557 cm
709.957 262.754 m 709.957 264.453 l 670.27 264.453 l 670.27 262.754 l 668.004
 262.754 l 668.004 226.469 l 670.27 226.469 l 670.27 224.77 l 709.957 224.77
 l 709.957 226.469 l 712.223 226.469 l 712.223 262.754 l h
709.957 262.754 m S Q
q 1 0 0 -1 0 408.277557 cm
723.453 73.754 m 723.453 75.453 l 683.77 75.453 l 683.77 73.754 l 681.5
 73.754 l 681.5 37.469 l 683.77 37.469 l 683.77 35.77 l 723.453 35.77 l 
723.453 37.469 l 725.723 37.469 l 725.723 73.754 l h
723.453 73.754 m S Q
q 1 0 0 -1 0 408.277557 cm
723.453 154.754 m 723.453 156.453 l 683.77 156.453 l 683.77 154.754 l 681.5
 154.754 l 681.5 118.469 l 683.77 118.469 l 683.77 116.77 l 723.453 116.77
 l 723.453 118.469 l 725.723 118.469 l 725.723 154.754 l h
723.453 154.754 m S Q
q 1 0 0 -1 0 408.277557 cm
750.453 208.754 m 750.453 210.453 l 710.77 210.453 l 710.77 208.754 l 708.5
 208.754 l 708.5 172.469 l 710.77 172.469 l 710.77 170.77 l 750.453 170.77
 l 750.453 172.469 l 752.723 172.469 l 752.723 208.754 l h
750.453 208.754 m S Q
q 1 0 0 -1 0 408.277557 cm
757.203 370.754 m 757.203 372.453 l 717.52 372.453 l 717.52 370.754 l 715.25
 370.754 l 715.25 334.469 l 717.52 334.469 l 717.52 332.77 l 757.203 332.77
 l 757.203 334.469 l 759.473 334.469 l 759.473 370.754 l h
757.203 370.754 m S Q
q 1 0 0 -1 0 408.277557 cm
777.453 73.754 m 777.453 75.453 l 737.77 75.453 l 737.77 73.754 l 735.5
 73.754 l 735.5 37.469 l 737.77 37.469 l 737.77 35.77 l 777.453 35.77 l 
777.453 37.469 l 779.723 37.469 l 779.723 73.754 l h
777.453 73.754 m S Q
q 1 0 0 -1 0 408.277557 cm
807.52 300.031 m 807.52 317.805 l 802.914 317.805 l 802.914 320.582 l 793.559
 320.582 l 793.559 317.805 l 788.668 317.805 l 788.668 315.535 l 786.473
 315.535 l 786.473 316.754 l 784.203 316.754 l 784.203 318.453 l 744.52 
318.453 l 744.52 316.754 l 742.25 316.754 l 742.25 315.535 l 740.055 315.535
 l 740.055 317.805 l 735.164 317.805 l 735.164 320.582 l 725.809 320.582
 l 725.809 317.805 l 721.203 317.805 l 721.203 300.031 l 718.723 300.031
 l 718.723 292.094 l 721.203 292.094 l 721.203 282.938 l 725.809 282.938
 l 725.809 280.328 l 735.164 280.328 l 735.164 282.938 l 740.055 282.938
 l 740.055 285.203 l 742.25 285.203 l 742.25 280.469 l 744.52 280.469 l 
744.52 278.77 l 784.203 278.77 l 784.203 280.469 l 786.473 280.469 l 786.473
 285.203 l 788.668 285.203 l 788.668 282.938 l 793.559 282.938 l 793.559
 280.328 l 802.914 280.328 l 802.914 282.938 l 807.52 282.938 l 807.52 292.094
 l 810 292.094 l 810 300.031 l h
807.52 300.031 m S Q
q 1 0 0 -1 0 408.277557 cm
817.957 208.754 m 817.957 210.453 l 778.27 210.453 l 778.27 208.754 l 776.004
 208.754 l 776.004 172.469 l 778.27 172.469 l 778.27 170.77 l 817.957 170.77
 l 817.957 172.469 l 820.223 172.469 l 820.223 208.754 l h
817.957 208.754 m S Q
q 1 0 0 -1 0 408.277557 cm
821.02 246.031 m 821.02 263.805 l 816.414 263.805 l 816.414 266.582 l 807.059
 266.582 l 807.059 263.805 l 802.172 263.805 l 802.172 261.535 l 799.973
 261.535 l 799.973 262.754 l 797.707 262.754 l 797.707 264.453 l 758.02 
264.453 l 758.02 262.754 l 755.754 262.754 l 755.754 261.535 l 753.555 261.535
 l 753.555 263.805 l 748.668 263.805 l 748.668 266.582 l 739.312 266.582
 l 739.312 263.805 l 734.707 263.805 l 734.707 246.031 l 732.227 246.031
 l 732.227 238.094 l 734.707 238.094 l 734.707 228.938 l 739.312 228.938
 l 739.312 226.328 l 748.668 226.328 l 748.668 228.938 l 753.555 228.938
 l 753.555 231.203 l 755.754 231.203 l 755.754 226.469 l 758.02 226.469 
l 758.02 224.77 l 797.707 224.77 l 797.707 226.469 l 799.973 226.469 l 799.973
 231.203 l 802.172 231.203 l 802.172 228.938 l 807.059 228.938 l 807.059
 226.328 l 816.414 226.328 l 816.414 228.938 l 821.02 228.938 l 821.02 238.094
 l 823.5 238.094 l 823.5 246.031 l h
821.02 246.031 m S Q
q 1 0 0 -1 0 408.277557 cm
824.707 370.754 m 824.707 372.453 l 785.02 372.453 l 785.02 370.754 l 782.754
 370.754 l 782.754 334.469 l 785.02 334.469 l 785.02 332.77 l 824.707 332.77
 l 824.707 334.469 l 826.973 334.469 l 826.973 370.754 l h
824.707 370.754 m S Q
q 1 0 0 -1 0 408.277557 cm
827.77 138.031 m 827.77 155.805 l 823.164 155.805 l 823.164 158.582 l 813.809
 158.582 l 813.809 155.805 l 808.918 155.805 l 808.918 153.535 l 806.723
 153.535 l 806.723 154.754 l 804.453 154.754 l 804.453 156.453 l 764.77 
156.453 l 764.77 154.754 l 762.5 154.754 l 762.5 153.535 l 760.305 153.535
 l 760.305 155.805 l 755.414 155.805 l 755.414 158.582 l 746.062 158.582
 l 746.062 155.805 l 741.453 155.805 l 741.453 138.031 l 738.973 138.031
 l 738.973 130.094 l 741.453 130.094 l 741.453 120.938 l 746.062 120.938
 l 746.062 118.328 l 755.414 118.328 l 755.414 120.938 l 760.305 120.938
 l 760.305 123.203 l 762.5 123.203 l 762.5 118.469 l 764.77 118.469 l 764.77
 116.77 l 804.453 116.77 l 804.453 118.469 l 806.723 118.469 l 806.723 123.203
 l 808.918 123.203 l 808.918 120.938 l 813.809 120.938 l 813.809 118.328
 l 823.164 118.328 l 823.164 120.938 l 827.77 120.938 l 827.77 130.094 l
 830.25 130.094 l 830.25 138.031 l h
827.77 138.031 m S Q
q 1 0 0 -1 0 408.277557 cm
831.453 73.754 m 831.453 75.453 l 791.77 75.453 l 791.77 73.754 l 789.5
 73.754 l 789.5 37.469 l 791.77 37.469 l 791.77 35.77 l 831.453 35.77 l 
831.453 37.469 l 833.723 37.469 l 833.723 73.754 l h
831.453 73.754 m S Q
q 1 0 0 -1 0 408.277557 cm
898.957 154.754 m 898.957 156.453 l 859.27 156.453 l 859.27 154.754 l 857.004
 154.754 l 857.004 118.469 l 859.27 118.469 l 859.27 116.77 l 898.957 116.77
 l 898.957 118.469 l 901.223 118.469 l 901.223 154.754 l h
898.957 154.754 m S Q
q 1 0 0 -1 0 408.277557 cm
898.957 370.754 m 898.957 372.453 l 859.27 372.453 l 859.27 370.754 l 857.004
 370.754 l 857.004 334.469 l 859.27 334.469 l 859.27 332.77 l 898.957 332.77
 l 898.957 334.469 l 901.223 334.469 l 901.223 370.754 l h
898.957 370.754 m S Q
q 1 0 0 -1 0 408.277557 cm
898.957 73.754 m 898.957 75.453 l 859.27 75.453 l 859.27 73.754 l 857.004
 73.754 l 857.004 37.469 l 859.27 37.469 l 859.27 35.77 l 898.957 35.77 
l 898.957 37.469 l 901.223 37.469 l 901.223 73.754 l h
898.957 73.754 m S Q
q 1 0 0 -1 0 408.277557 cm
898.957 208.754 m 898.957 210.453 l 859.27 210.453 l 859.27 208.754 l 857.004
 208.754 l 857.004 172.469 l 859.27 172.469 l 859.27 170.77 l 898.957 170.77
 l 898.957 172.469 l 901.223 172.469 l 901.223 208.754 l h
898.957 208.754 m S Q
q 1 0 0 -1 0 408.277557 cm
952.957 154.754 m 952.957 156.453 l 913.27 156.453 l 913.27 154.754 l 911.004
 154.754 l 911.004 118.469 l 913.27 118.469 l 913.27 116.77 l 952.957 116.77
 l 952.957 118.469 l 955.223 118.469 l 955.223 154.754 l h
952.957 154.754 m S Q
q 1 0 0 -1 0 408.277557 cm
952.957 370.754 m 952.957 372.453 l 913.27 372.453 l 913.27 370.754 l 911.004
 370.754 l 911.004 334.469 l 913.27 334.469 l 913.27 332.77 l 952.957 332.77
 l 952.957 334.469 l 955.223 334.469 l 955.223 370.754 l h
952.957 370.754 m S Q
q 1 0 0 -1 0 408.277557 cm
952.957 73.754 m 952.957 75.453 l 913.27 75.453 l 913.27 73.754 l 911.004
 73.754 l 911.004 37.469 l 913.27 37.469 l 913.27 35.77 l 952.957 35.77 
l 952.957 37.469 l 955.223 37.469 l 955.223 73.754 l h
952.957 73.754 m S Q
q 1 0 0 -1 0 408.277557 cm
952.957 208.754 m 952.957 210.453 l 913.27 210.453 l 913.27 208.754 l 911.004
 208.754 l 911.004 172.469 l 913.27 172.469 l 913.27 170.77 l 952.957 170.77
 l 952.957 172.469 l 955.223 172.469 l 955.223 208.754 l h
952.957 208.754 m S Q
q 1 0 0 -1 0 408.277557 cm
952.957 316.754 m 952.957 318.453 l 913.27 318.453 l 913.27 316.754 l 911.004
 316.754 l 911.004 280.469 l 913.27 280.469 l 913.27 278.77 l 952.957 278.77
 l 952.957 280.469 l 955.223 280.469 l 955.223 316.754 l h
952.957 316.754 m S Q
q 1 0 0 -1 0 408.277557 cm
1006.957 154.754 m 1006.957 156.453 l 967.27 156.453 l 967.27 154.754 l
 965.004 154.754 l 965.004 118.469 l 967.27 118.469 l 967.27 116.77 l 1006.957
 116.77 l 1006.957 118.469 l 1009.223 118.469 l 1009.223 154.754 l h
1006.957 154.754 m S Q
q 1 0 0 -1 0 408.277557 cm
1006.957 370.754 m 1006.957 372.453 l 967.27 372.453 l 967.27 370.754 l
 965.004 370.754 l 965.004 334.469 l 967.27 334.469 l 967.27 332.77 l 1006.957
 332.77 l 1006.957 334.469 l 1009.223 334.469 l 1009.223 370.754 l h
1006.957 370.754 m S Q
q 1 0 0 -1 0 408.277557 cm
1006.957 73.754 m 1006.957 75.453 l 967.27 75.453 l 967.27 73.754 l 965.004
 73.754 l 965.004 37.469 l 967.27 37.469 l 967.27 35.77 l 1006.957 35.77
 l 1006.957 37.469 l 1009.223 37.469 l 1009.223 73.754 l h
1006.957 73.754 m S Q
q 1 0 0 -1 0 408.277557 cm
1006.957 208.754 m 1006.957 210.453 l 967.27 210.453 l 967.27 208.754 l
 965.004 208.754 l 965.004 172.469 l 967.27 172.469 l 967.27 170.77 l 1006.957
 170.77 l 1006.957 172.469 l 1009.223 172.469 l 1009.223 208.754 l h
1006.957 208.754 m S Q
Q Q
showpage
%%Trailer
end restore
%%EOF
